$ANSIBLE_VAULT;1.1;AES256
32336137623534663937393565356363353730396534383433323030306538623830326133623461
6236383561663766666439643864393037363436363830380a333963346335366135323562343664
38623732343230633562366139383565353339303037323561363835313836336434656136306630
6236316636643139390a303936303566326433326239643935616363333733656530653832366638
65303738376639356534643531633434623063633962396332636335373133633137636537383362
36343332336564646338363735626132343831386661656133306232303530383764323631313330
65353032623933313338316139303639326231663035396163666236363737313238343162346637
61326165663836646334386165663435313636616363393231303833316363666436646334393265
34323466613434633235303837336535313763633363653938633331646430333564343835383565
61376362633563326534656332336163393936323335356331383765363632313237383630336162
31643865316334643530613932623431633839313263616435326564346132623437313937393332
62313732333431626538386261656466393162653739656365356331633636626334306235613262
34323339383031613266613266636331636364653435613362613264653734323138383333613734
6636303263306238376263663361323436303166373261303563
